index,pf_size,geno_size,canon_size,red_dup,red_sim,red_total
0,51,47,46,0.07843137254901966,0.021276595744680882,0.0980392156862745
1,512,342,175,0.33203125,0.48830409356725146,0.658203125
2,51,48,41,0.05882352941176472,0.14583333333333337,0.196078431372549
3,51,51,51,0.0,0.0,0.0
4,512,426,178,0.16796875,0.5821596244131455,0.65234375
5,526,413,158,0.21482889733840305,0.6174334140435835,0.6996197718631179
6,987,773,248,0.21681864235055726,0.6791720569210866,0.7487335359675785
7,376,303,100,0.19414893617021278,0.66996699669967,0.7340425531914894
8,526,339,184,0.35551330798479086,0.45722713864306785,0.6501901140684411
9,763,420,131,0.4495412844036697,0.6880952380952381,0.8283093053735255
10,274,178,86,0.35036496350364965,0.5168539325842696,0.6861313868613139
11,763,400,133,0.47575360419397117,0.6675,0.8256880733944953
12,763,457,150,0.40104849279161203,0.6717724288840263,0.8034076015727392
13,274,167,106,0.3905109489051095,0.3652694610778443,0.6131386861313868
14,288,227,135,0.21180555555555558,0.40528634361233484,0.53125
15,749,588,240,0.2149532710280374,0.5918367346938775,0.6795727636849132
16,288,221,135,0.23263888888888884,0.3891402714932126,0.53125
17,288,205,122,0.2881944444444444,0.40487804878048783,0.5763888888888888
18,749,502,190,0.3297730307076101,0.6215139442231076,0.746328437917223
19,407,328,183,0.1941031941031941,0.44207317073170727,0.5503685503685504
20,631,535,212,0.15213946117274169,0.6037383177570094,0.6640253565768621
21,882,572,209,0.35147392290249435,0.6346153846153846,0.7630385487528345
22,156,113,91,0.27564102564102566,0.19469026548672563,0.41666666666666663
23,882,499,192,0.43424036281179135,0.6152304609218437,0.782312925170068
24,882,593,233,0.3276643990929705,0.6070826306913997,0.735827664399093
25,156,109,86,0.3012820512820513,0.21100917431192656,0.4487179487179487
26,645,459,163,0.28837209302325584,0.644880174291939,0.7472868217054264
27,868,619,201,0.28686635944700456,0.6752827140549273,0.7684331797235023
28,645,471,206,0.2697674418604651,0.5626326963906582,0.6806201550387596
29,645,391,174,0.39379844961240307,0.5549872122762148,0.7302325581395348
30,868,536,170,0.3824884792626728,0.6828358208955223,0.804147465437788
31,170,109,83,0.35882352941176465,0.23853211009174313,0.5117647058823529
32,393,224,149,0.4300254452926209,0.3348214285714286,0.6208651399491094
33,170,120,98,0.2941176470588235,0.18333333333333335,0.42352941176470593
34,170,142,103,0.16470588235294115,0.27464788732394363,0.3941176470588236
35,393,289,138,0.2646310432569975,0.5224913494809689,0.6488549618320612
36,229,180,121,0.2139737991266376,0.3277777777777777,0.47161572052401746
37,96,81,68,0.15625,0.16049382716049387,0.29166666666666663
38,229,170,99,0.25764192139737996,0.41764705882352937,0.5676855895196506
39,229,165,85,0.2794759825327511,0.48484848484848486,0.62882096069869
40,96,82,63,0.14583333333333337,0.23170731707317072,0.34375
41,704,350,149,0.5028409090909092,0.5742857142857143,0.7883522727272727
42,571,305,185,0.4658493870402802,0.39344262295081966,0.6760070052539404
43,704,343,153,0.5127840909090908,0.5539358600583091,0.7826704545454546
44,704,314,127,0.5539772727272727,0.5955414012738853,0.8196022727272727
45,571,323,131,0.4343257443082311,0.5944272445820433,0.7705779334500875
46,942,676,192,0.28237791932059453,0.7159763313609467,0.7961783439490446
47,334,251,110,0.24850299401197606,0.5617529880478087,0.6706586826347305
48,942,713,252,0.2430997876857749,0.6465638148667602,0.7324840764331211
49,942,593,213,0.3704883227176221,0.6408094435075885,0.7738853503184713
50,334,209,144,0.37425149700598803,0.3110047846889952,0.5688622754491017
51,467,297,167,0.3640256959314775,0.4377104377104377,0.6423982869379015
52,809,459,208,0.43263288009888756,0.5468409586056645,0.7428924598269468
53,467,268,121,0.4261241970021413,0.5485074626865671,0.7408993576017131
54,467,361,189,0.2269807280513919,0.47645429362880887,0.5952890792291221
55,809,543,132,0.3288009888751545,0.7569060773480663,0.8368355995055624
56,348,232,138,0.33333333333333337,0.4051724137931034,0.603448275862069
57,928,436,138,0.5301724137931034,0.6834862385321101,0.8512931034482758
58,348,253,178,0.2729885057471264,0.2964426877470355,0.4885057471264368
59,348,244,106,0.29885057471264365,0.5655737704918034,0.6954022988505747
60,928,680,203,0.26724137931034486,0.7014705882352941,0.78125
61,823,581,233,0.2940461725394897,0.5989672977624785,0.7168894289185905
62,453,325,168,0.282560706401766,0.48307692307692307,0.6291390728476821
63,823,584,255,0.29040097205346294,0.5633561643835616,0.6901579586877278
64,823,480,203,0.416767922235723,0.5770833333333334,0.7533414337788579
65,453,293,159,0.35320088300220753,0.4573378839590444,0.6490066225165563
66,585,372,91,0.36410256410256414,0.7553763440860215,0.8444444444444444
67,585,413,217,0.29401709401709397,0.47457627118644063,0.629059829059829
68,585,366,126,0.37435897435897436,0.6557377049180328,0.7846153846153846
69,690,515,247,0.2536231884057971,0.5203883495145631,0.6420289855072463
70,110,106,84,0.036363636363636376,0.2075471698113207,0.23636363636363633
71,215,176,110,0.1813953488372093,0.375,0.4883720930232558
72,110,104,80,0.054545454545454564,0.23076923076923073,0.2727272727272727
73,110,100,75,0.09090909090909094,0.25,0.31818181818181823
74,215,182,104,0.15348837209302324,0.4285714285714286,0.5162790697674419
75,140,62,38,0.5571428571428572,0.3870967741935484,0.7285714285714286
76,140,106,79,0.24285714285714288,0.2547169811320755,0.4357142857142857
77,140,105,90,0.25,0.1428571428571429,0.3571428571428571
78,839,418,163,0.501787842669845,0.6100478468899522,0.8057210965435042
79,615,431,212,0.2991869918699187,0.5081206496519721,0.6552845528455284
80,364,282,173,0.22527472527472525,0.3865248226950354,0.5247252747252747
81,615,441,168,0.2829268292682927,0.6190476190476191,0.7268292682926829
82,615,440,221,0.2845528455284553,0.4977272727272727,0.640650406504065
83,364,278,170,0.2362637362637363,0.38848920863309355,0.532967032967033
84,852,514,202,0.39671361502347413,0.6070038910505837,0.7629107981220657
85,601,370,148,0.3843594009983361,0.6,0.7537437603993344
86,852,667,210,0.21713615023474175,0.6851574212893553,0.7535211267605634
87,377,280,133,0.2572944297082228,0.525,0.6472148541114058
88,126,115,95,0.08730158730158732,0.17391304347826086,0.24603174603174605
89,377,298,147,0.20954907161803715,0.5067114093959731,0.6100795755968169
90,377,286,170,0.24137931034482762,0.4055944055944056,0.5490716180371353
91,126,104,84,0.17460317460317465,0.1923076923076923,0.33333333333333337
92,496,363,168,0.2681451612903226,0.5371900826446281,0.6612903225806452
93,245,186,117,0.24081632653061225,0.3709677419354839,0.5224489795918368
94,496,365,152,0.2641129032258065,0.5835616438356164,0.6935483870967742
95,496,278,129,0.4395161290322581,0.5359712230215827,0.7399193548387097
96,245,151,101,0.38367346938775515,0.33112582781456956,0.5877551020408163
97,971,645,230,0.33573635427394444,0.6434108527131783,0.7631307929969104
98,720,468,227,0.35,0.5149572649572649,0.6847222222222222
99,971,447,125,0.5396498455200824,0.7203579418344519,0.8712667353244078
100,971,643,253,0.3377960865087538,0.6065318818040435,0.7394438722966015
101,720,540,216,0.25,0.6,0.7
102,734,594,187,0.19073569482288832,0.6851851851851851,0.7452316076294279
103,482,398,148,0.17427385892116187,0.6281407035175879,0.6929460580912863
104,734,614,211,0.1634877384196185,0.6563517915309447,0.7125340599455041
105,734,596,183,0.1880108991825613,0.6929530201342282,0.7506811989100818
106,482,349,131,0.27593360995850624,0.6246418338108882,0.7282157676348548
107,259,197,116,0.23938223938223935,0.41116751269035534,0.5521235521235521
108,957,558,177,0.41692789968652033,0.6827956989247312,0.8150470219435737
109,259,183,120,0.2934362934362934,0.34426229508196726,0.5366795366795367
110,259,192,131,0.2586872586872587,0.31770833333333337,0.4942084942084942
111,957,577,183,0.39707419017763845,0.682842287694974,0.8087774294670846
112,199,176,83,0.11557788944723613,0.5284090909090908,0.5829145728643217
113,660,572,187,0.1333333333333333,0.6730769230769231,0.7166666666666667
114,199,177,104,0.11055276381909551,0.4124293785310734,0.4773869346733668
115,199,146,70,0.26633165829145733,0.5205479452054795,0.6482412060301508
116,660,462,176,0.30000000000000004,0.6190476190476191,0.7333333333333334
117,674,475,221,0.29525222551928787,0.5347368421052632,0.672106824925816
118,185,132,100,0.28648648648648645,0.24242424242424243,0.45945945945945943
119,674,461,213,0.31602373887240354,0.5379609544468547,0.6839762611275965
120,674,570,198,0.1543026706231454,0.6526315789473685,0.7062314540059347
121,185,158,86,0.1459459459459459,0.45569620253164556,0.5351351351351351
122,912,693,220,0.24013157894736847,0.6825396825396826,0.7587719298245614
123,898,667,253,0.2572383073496659,0.6206896551724138,0.7182628062360802
124,437,281,130,0.3569794050343249,0.5373665480427046,0.702517162471396
125,423,291,182,0.3120567375886525,0.3745704467353952,0.5697399527186762
126,437,279,102,0.3615560640732265,0.6344086021505376,0.7665903890160183
127,437,257,112,0.41189931350114417,0.5642023346303502,0.7437070938215102
128,423,262,163,0.3806146572104019,0.37786259541984735,0.6146572104018913
129,318,194,130,0.389937106918239,0.3298969072164949,0.5911949685534591
130,304,223,118,0.26644736842105265,0.47085201793721976,0.611842105263158
131,318,195,93,0.3867924528301887,0.523076923076923,0.7075471698113207
132,318,222,115,0.30188679245283023,0.48198198198198194,0.6383647798742138
133,304,200,116,0.3421052631578947,0.42000000000000004,0.618421052631579
134,793,644,216,0.18789407313997475,0.6645962732919255,0.7276166456494325
135,779,609,210,0.21822849807445444,0.6551724137931034,0.730423620025674
136,793,652,250,0.17780580075662045,0.6165644171779141,0.6847414880201765
137,793,618,214,0.22068095838587642,0.6537216828478964,0.7301387137452711
138,779,600,199,0.22978177150192558,0.6683333333333333,0.7445442875481386
139,556,295,119,0.46942446043165464,0.5966101694915253,0.7859712230215827
140,67,59,56,0.11940298507462688,0.05084745762711862,0.16417910447761197
141,556,340,144,0.38848920863309355,0.5764705882352941,0.7410071942446044
142,556,349,137,0.3723021582733813,0.6074498567335244,0.7535971223021583
143,67,67,67,0.0,0.0,0.0
144,81,77,70,0.04938271604938271,0.09090909090909094,0.13580246913580252
145,542,409,196,0.24538745387453875,0.5207823960880196,0.6383763837638377
146,81,78,68,0.03703703703703709,0.1282051282051282,0.16049382716049387
147,81,66,66,0.18518518518518523,0.0,0.18518518518518523
148,542,284,124,0.47601476014760147,0.5633802816901409,0.7712177121771218
149,95,86,70,0.09473684210526312,0.18604651162790697,0.26315789473684215
150,942,685,150,0.272823779193206,0.781021897810219,0.8407643312101911
151,95,89,79,0.06315789473684208,0.1123595505617978,0.16842105263157892
152,95,70,57,0.26315789473684215,0.18571428571428572,0.4
153,942,547,188,0.41932059447983017,0.6563071297989032,0.8004246284501062
154,570,375,197,0.3421052631578947,0.4746666666666667,0.6543859649122807
155,467,304,189,0.3490364025695931,0.3782894736842105,0.5952890792291221
156,570,374,156,0.343859649122807,0.5828877005347594,0.7263157894736842
157,570,429,201,0.24736842105263157,0.5314685314685315,0.6473684210526316
158,467,343,123,0.26552462526766596,0.641399416909621,0.7366167023554604
159,808,559,237,0.3081683168316832,0.5760286225402504,0.7066831683168318
160,705,496,198,0.29645390070921984,0.6008064516129032,0.7191489361702128
161,808,565,261,0.3007425742574258,0.5380530973451327,0.676980198019802
162,808,665,225,0.17698019801980203,0.6616541353383458,0.7215346534653465
163,705,581,243,0.17588652482269507,0.5817555938037866,0.6553191489361703
164,333,184,118,0.44744744744744747,0.3586956521739131,0.6456456456456456
165,230,138,113,0.4,0.1811594202898551,0.508695652173913
166,333,199,94,0.40240240240240244,0.5276381909547738,0.7177177177177176
167,333,258,184,0.22522522522522526,0.28682170542635654,0.44744744744744747
168,230,167,123,0.27391304347826084,0.26347305389221554,0.4652173913043478
169,452,318,125,0.29646017699115046,0.6069182389937107,0.7234513274336283
170,111,91,63,0.18018018018018023,0.3076923076923077,0.43243243243243246
171,452,331,193,0.2676991150442478,0.4169184290030211,0.5730088495575221
172,452,217,91,0.5199115044247787,0.5806451612903225,0.7986725663716814
173,111,83,66,0.25225225225225223,0.20481927710843373,0.4054054054054054
174,927,730,251,0.21251348435814454,0.6561643835616439,0.7292340884573894
175,586,488,200,0.16723549488054612,0.5901639344262295,0.658703071672355
176,927,743,214,0.19848975188781015,0.711978465679677,0.7691477885652643
177,927,609,215,0.34304207119741104,0.6469622331691297,0.7680690399137001
178,586,423,170,0.27815699658703075,0.5981087470449172,0.7098976109215017
179,158,107,84,0.32278481012658233,0.2149532710280374,0.4683544303797469
180,269,215,116,0.2007434944237918,0.4604651162790697,0.5687732342007434
181,214,155,94,0.2757009345794392,0.3935483870967742,0.5607476635514019
182,824,594,222,0.279126213592233,0.6262626262626263,0.7305825242718447
183,214,184,134,0.14018691588785048,0.2717391304347826,0.3738317757009346
184,214,151,116,0.29439252336448596,0.23178807947019864,0.4579439252336449
185,824,530,214,0.3567961165048543,0.5962264150943396,0.7402912621359223
186,274,188,139,0.3138686131386861,0.2606382978723404,0.4927007299270073
187,527,341,182,0.3529411764705882,0.46627565982404695,0.6546489563567363
188,274,198,147,0.2773722627737226,0.25757575757575757,0.46350364963503654
189,274,183,96,0.33211678832116787,0.47540983606557374,0.6496350364963503
190,527,345,120,0.34535104364326374,0.6521739130434783,0.7722960151802657
191,749,529,222,0.29372496662216285,0.5803402646502835,0.7036048064085447
192,52,52,52,0.0,0.0,0.0
193,749,549,209,0.26702269692923897,0.6193078324225865,0.7209612817089452
194,749,622,234,0.1695594125500668,0.6237942122186495,0.6875834445927904
195,52,52,52,0.0,0.0,0.0
196,986,703,179,0.28701825557809335,0.7453769559032717,0.8184584178498986
197,764,555,171,0.27356020942408377,0.6918918918918919,0.7761780104712042
198,986,662,233,0.3286004056795132,0.648036253776435,0.7636916835699797
199,986,699,202,0.2910750507099391,0.7110157367668097,0.795131845841785
200,764,551,239,0.27879581151832455,0.5662431941923776,0.6871727748691099
201,511,439,211,0.14090019569471623,0.5193621867881548,0.5870841487279843
202,289,243,103,0.15916955017301038,0.5761316872427984,0.643598615916955
203,511,414,190,0.18982387475538165,0.5410628019323671,0.6281800391389433
204,511,330,190,0.35420743639921726,0.4242424242424242,0.6281800391389433
205,289,161,96,0.4429065743944637,0.40372670807453415,0.6678200692041523
206,392,284,119,0.2755102040816326,0.5809859154929577,0.6964285714285714
207,408,301,170,0.26225490196078427,0.4352159468438538,0.5833333333333333
208,392,307,174,0.21683673469387754,0.4332247557003257,0.5561224489795918
209,392,261,137,0.3341836734693877,0.47509578544061304,0.6505102040816326
210,408,269,137,0.34068627450980393,0.49070631970260226,0.6642156862745099
211,867,482,224,0.4440599769319492,0.5352697095435685,0.7416378316032295
212,883,465,193,0.4733861834654587,0.5849462365591398,0.7814269535673839
213,867,482,220,0.4440599769319492,0.5435684647302905,0.7462514417531718
214,867,677,230,0.21914648212226062,0.6602658788774003,0.7347174163783161
215,883,658,268,0.2548131370328426,0.5927051671732523,0.6964892412231031
216,630,504,209,0.19999999999999996,0.5853174603174602,0.6682539682539683
217,171,148,92,0.13450292397660824,0.3783783783783784,0.4619883040935673
218,630,510,195,0.19047619047619047,0.6176470588235294,0.6904761904761905
219,630,439,162,0.3031746031746032,0.6309794988610478,0.7428571428571429
220,171,140,105,0.18128654970760238,0.25,0.38596491228070173
221,155,122,99,0.2129032258064516,0.1885245901639344,0.3612903225806452
222,646,400,160,0.3808049535603715,0.6,0.7523219814241486
223,155,118,92,0.2387096774193549,0.22033898305084743,0.40645161290322585
224,155,103,85,0.3354838709677419,0.1747572815533981,0.4516129032258065
225,646,356,93,0.4489164086687306,0.7387640449438202,0.8560371517027864
226,125,105,78,0.16000000000000003,0.2571428571428571,0.376
227,378,299,188,0.20899470899470896,0.3712374581939799,0.5026455026455027
228,125,110,96,0.12,0.12727272727272732,0.23199999999999998
229,125,102,65,0.18400000000000005,0.36274509803921573,0.48
230,378,270,145,0.2857142857142857,0.4629629629629629,0.6164021164021164
231,600,378,203,0.37,0.4629629629629629,0.6616666666666666
232,853,526,235,0.38335287221570924,0.5532319391634981,0.7245017584994138
233,600,367,174,0.3883333333333333,0.5258855585831063,0.71
234,600,389,197,0.3516666666666667,0.493573264781491,0.6716666666666666
235,853,535,194,0.37280187573270807,0.6373831775700934,0.772567409144197
236,838,685,219,0.1825775656324582,0.6802919708029197,0.7386634844868736
237,141,119,68,0.15602836879432624,0.4285714285714286,0.5177304964539007
238,838,686,190,0.18138424821002386,0.7230320699708455,0.7732696897374702
239,838,485,200,0.4212410501193318,0.5876288659793815,0.7613365155131265
240,141,114,87,0.19148936170212771,0.23684210526315785,0.3829787234042553
241,363,277,175,0.23691460055096414,0.36823104693140796,0.5179063360881543
242,616,428,202,0.30519480519480524,0.5280373831775701,0.672077922077922
243,363,253,158,0.303030303030303,0.3754940711462451,0.5647382920110193
244,363,274,166,0.24517906336088158,0.3941605839416058,0.5426997245179064
245,616,421,190,0.3165584415584416,0.5486935866983373,0.6915584415584415
246,481,267,126,0.44490644490644493,0.5280898876404494,0.738045738045738
247,735,338,148,0.5401360544217687,0.5621301775147929,0.7986394557823129
248,481,285,136,0.4074844074844075,0.5228070175438597,0.7172557172557172
249,481,383,161,0.20374220374220375,0.5796344647519582,0.6652806652806653
250,735,629,233,0.14421768707482996,0.629570747217806,0.6829931972789116
251,956,671,257,0.2981171548117155,0.6169895678092399,0.7311715481171548
252,260,196,114,0.24615384615384617,0.41836734693877553,0.5615384615384615
253,956,653,254,0.3169456066945606,0.6110260336906586,0.7343096234309623
254,260,163,90,0.3730769230769231,0.4478527607361963,0.6538461538461539
255,719,418,178,0.4186369958275382,0.5741626794258373,0.7524339360222532
256,972,658,240,0.32304526748971196,0.6352583586626139,0.7530864197530864
257,719,446,191,0.3796940194714882,0.5717488789237668,0.7343532684283727
258,719,403,159,0.4394993045897079,0.6054590570719602,0.7788595271210014
259,972,528,174,0.45679012345679015,0.6704545454545454,0.8209876543209876
260,244,194,119,0.20491803278688525,0.38659793814432986,0.5122950819672132
261,497,398,192,0.19919517102615691,0.5175879396984925,0.613682092555332
262,244,193,109,0.2090163934426229,0.43523316062176165,0.5532786885245902
263,244,187,130,0.23360655737704916,0.3048128342245989,0.4672131147540983
264,497,355,192,0.2857142857142857,0.45915492957746484,0.613682092555332
265,184,127,83,0.3097826086956522,0.3464566929133859,0.5489130434782609
266,200,109,58,0.45499999999999996,0.4678899082568807,0.71
267,184,148,106,0.19565217391304346,0.28378378378378377,0.42391304347826086
268,184,103,41,0.4402173913043478,0.6019417475728155,0.7771739130434783
269,200,163,105,0.18500000000000005,0.35582822085889576,0.475
270,659,516,200,0.21699544764795142,0.6124031007751938,0.6965098634294385
271,675,545,226,0.19259259259259254,0.5853211009174312,0.6651851851851852
272,659,495,213,0.24886191198786034,0.5696969696969697,0.6767830045523521
273,659,373,162,0.43399089529590285,0.5656836461126005,0.7541729893778453
274,675,411,185,0.3911111111111111,0.5498783454987834,0.7259259259259259
275,897,540,262,0.39799331103678925,0.5148148148148148,0.7079152731326644
276,438,198,78,0.547945205479452,0.6060606060606061,0.821917808219178
277,897,463,228,0.48383500557413606,0.5075593952483801,0.745819397993311
278,897,596,188,0.33556298773690074,0.6845637583892618,0.79041248606466
279,438,293,137,0.33105022831050224,0.5324232081911262,0.687214611872146
280,422,294,154,0.3033175355450237,0.47619047619047616,0.6350710900473934
281,913,602,231,0.3406352683461117,0.6162790697674418,0.7469879518072289
282,422,284,149,0.3270142180094787,0.47535211267605637,0.6469194312796209
283,422,341,146,0.19194312796208535,0.5718475073313782,0.6540284360189573
284,913,740,190,0.1894852135815991,0.7432432432432432,0.791894852135816
285,303,250,148,0.17491749174917492,0.40800000000000003,0.5115511551155115
286,794,682,237,0.1410579345088161,0.6524926686217009,0.7015113350125944
287,266,224,79,0.1578947368421053,0.6473214285714286,0.7030075187969924
288,303,214,112,0.29372937293729373,0.47663551401869164,0.6303630363036303
289,778,470,185,0.39588688946015427,0.6063829787234043,0.7622107969151671
290,319,230,157,0.27899686520376177,0.31739130434782614,0.5078369905956113
291,778,535,218,0.3123393316195373,0.5925233644859813,0.7197943444730077
292,778,414,151,0.467866323907455,0.6352657004830917,0.8059125964010283
293,319,200,120,0.3730407523510971,0.4,0.6238244514106583
294,541,412,157,0.23844731977818856,0.6189320388349515,0.7097966728280961
295,557,420,157,0.24596050269299818,0.6261904761904762,0.718132854578097
296,541,385,154,0.28835489833641403,0.6,0.7153419593345656
297,541,384,128,0.2902033271719039,0.6666666666666667,0.7634011090573013
298,557,428,217,0.23159784560143626,0.4929906542056075,0.6104129263913824
299,66,55,52,0.16666666666666663,0.054545454545454564,0.21212121212121215
300,82,65,56,0.20731707317073167,0.1384615384615384,0.31707317073170727
301,66,59,54,0.10606060606060608,0.0847457627118644,0.18181818181818177
302,66,61,51,0.0757575757575758,0.16393442622950816,0.2272727272727273
303,82,78,63,0.04878048780487809,0.1923076923076923,0.23170731707317072
304,73,67,61,0.0821917808219178,0.08955223880597019,0.1643835616438356
305,73,70,64,0.04109589041095896,0.08571428571428574,0.12328767123287676
306,73,67,58,0.0821917808219178,0.13432835820895528,0.20547945205479456
307,683,502,174,0.2650073206442167,0.6533864541832669,0.7452415812591509
308,548,265,107,0.5164233576642336,0.5962264150943396,0.8047445255474452
309,208,142,115,0.3173076923076923,0.1901408450704225,0.4471153846153846
310,548,316,133,0.4233576642335767,0.5791139240506329,0.7572992700729927
311,548,282,138,0.4854014598540146,0.5106382978723405,0.7481751824817517
312,208,128,101,0.3846153846153846,0.2109375,0.5144230769230769
313,786,641,181,0.18447837150127222,0.717628705148206,0.7697201017811705
314,920,751,252,0.18369565217391304,0.6644474034620507,0.7260869565217392
315,786,605,257,0.23027989821882955,0.5752066115702479,0.6730279898218829
316,786,512,156,0.34860050890585237,0.6953125,0.8015267175572519
317,920,585,257,0.36413043478260865,0.5606837606837607,0.7206521739130435
318,311,236,161,0.2411575562700965,0.31779661016949157,0.4823151125401929
319,445,266,141,0.40224719101123596,0.4699248120300752,0.6831460674157304
320,311,212,120,0.31832797427652737,0.4339622641509434,0.6141479099678457
321,311,260,137,0.16398713826366562,0.47307692307692306,0.5594855305466238
322,445,364,148,0.18202247191011234,0.5934065934065934,0.6674157303370787
323,429,293,160,0.31701631701631705,0.4539249146757679,0.627039627039627
324,326,204,105,0.3742331288343558,0.4852941176470589,0.6779141104294479
325,429,224,111,0.4778554778554779,0.5044642857142857,0.7412587412587412
326,429,311,186,0.27505827505827507,0.40192926045016075,0.5664335664335665
327,326,235,119,0.2791411042944786,0.4936170212765958,0.6349693251533742
328,904,606,252,0.32964601769911506,0.5841584158415842,0.7212389380530974
329,801,567,242,0.2921348314606742,0.5731922398589065,0.6978776529338326
330,904,612,234,0.32300884955752207,0.6176470588235294,0.7411504424778761
331,904,558,282,0.3827433628318584,0.4946236559139785,0.6880530973451328
332,801,479,252,0.4019975031210986,0.47390396659707723,0.6853932584269663
333,667,344,154,0.4842578710644677,0.5523255813953488,0.7691154422788605
334,89,63,56,0.2921348314606742,0.11111111111111116,0.3707865168539326
335,667,442,185,0.3373313343328336,0.5814479638009049,0.7226386806596702
336,667,441,163,0.33883058470764615,0.6303854875283447,0.7556221889055472
337,89,81,76,0.0898876404494382,0.06172839506172845,0.1460674157303371
338,192,156,93,0.1875,0.40384615384615385,0.515625
339,564,447,205,0.20744680851063835,0.5413870246085011,0.6365248226950355
340,192,156,88,0.1875,0.4358974358974359,0.5416666666666667
341,192,159,98,0.171875,0.3836477987421384,0.48958333333333337
342,251,188,149,0.250996015936255,0.20744680851063835,0.40637450199203184
343,861,533,179,0.38095238095238093,0.6641651031894935,0.792102206736353
344,251,177,137,0.29482071713147406,0.22598870056497178,0.45418326693227096
345,251,228,136,0.0916334661354582,0.4035087719298246,0.4581673306772909
346,861,703,240,0.18350754936120794,0.6586059743954481,0.7212543554006969
347,726,534,176,0.2644628099173554,0.6704119850187267,0.7575757575757576
348,386,323,172,0.16321243523316065,0.46749226006191946,0.5544041450777202
349,726,587,167,0.19146005509641872,0.7155025553662692,0.7699724517906337
350,726,480,213,0.33884297520661155,0.55625,0.7066115702479339
351,386,276,146,0.2849740932642487,0.47101449275362317,0.6217616580310881
352,623,317,143,0.4911717495987159,0.5488958990536277,0.7704654895666132
353,964,503,214,0.47821576763485474,0.5745526838966203,0.7780082987551867
354,623,400,203,0.3579454253611557,0.49250000000000005,0.6741573033707865
355,489,344,142,0.2965235173824131,0.5872093023255813,0.7096114519427403
356,148,134,105,0.09459459459459463,0.21641791044776115,0.29054054054054057
357,489,353,184,0.278118609406953,0.47875354107648727,0.623721881390593
358,489,393,205,0.19631901840490795,0.4783715012722646,0.5807770961145194
359,148,132,103,0.10810810810810811,0.21969696969696972,0.30405405405405406
360,370,320,128,0.1351351351351351,0.6,0.654054054054054
361,267,224,98,0.16104868913857673,0.5625,0.6329588014981273
362,370,318,187,0.14054054054054055,0.4119496855345912,0.49459459459459465
363,370,307,135,0.1702702702702703,0.5602605863192183,0.6351351351351351
364,267,216,116,0.1910112359550562,0.4629629629629629,0.5655430711610487
365,845,595,228,0.29585798816568043,0.6168067226890757,0.7301775147928994
366,742,547,254,0.2628032345013477,0.5356489945155394,0.6576819407008085
367,845,552,208,0.3467455621301775,0.6231884057971014,0.7538461538461538
368,845,517,209,0.38816568047337274,0.5957446808510638,0.7526627218934911
369,742,492,215,0.33692722371967654,0.5630081300813008,0.7102425876010782
370,608,420,135,0.3092105263157895,0.6785714285714286,0.7779605263157895
371,505,402,195,0.20396039603960392,0.5149253731343284,0.6138613861386139
372,608,432,100,0.2894736842105263,0.7685185185185185,0.8355263157894737
373,608,338,168,0.444078947368421,0.5029585798816568,0.7236842105263157
374,505,248,115,0.5089108910891089,0.5362903225806452,0.7722772277227723
375,133,104,82,0.21804511278195493,0.21153846153846156,0.3834586466165414
376,980,560,237,0.4285714285714286,0.5767857142857142,0.7581632653061224
377,133,83,64,0.37593984962406013,0.22891566265060237,0.518796992481203
378,133,107,82,0.19548872180451127,0.23364485981308414,0.3834586466165414
379,980,683,231,0.3030612244897959,0.6617862371888726,0.7642857142857142
380,162,141,103,0.12962962962962965,0.2695035460992907,0.3641975308641975
381,59,58,53,0.016949152542372836,0.08620689655172409,0.10169491525423724
382,162,146,94,0.09876543209876543,0.3561643835616438,0.41975308641975306
383,162,119,92,0.26543209876543206,0.22689075630252098,0.4320987654320988
384,59,56,53,0.05084745762711862,0.0535714285714286,0.10169491525423724
385,637,428,231,0.32810047095761385,0.46028037383177567,0.6373626373626373
386,534,359,195,0.32771535580524347,0.4568245125348189,0.6348314606741573
387,637,443,207,0.304552590266876,0.5327313769751694,0.6750392464678179
388,637,504,203,0.20879120879120883,0.5972222222222222,0.6813186813186813
389,534,403,163,0.24531835205992514,0.5955334987593053,0.6947565543071161
390,875,603,220,0.31085714285714283,0.6351575456053068,0.7485714285714286
391,297,213,114,0.2828282828282829,0.46478873239436624,0.6161616161616161
392,875,621,243,0.29028571428571426,0.6086956521739131,0.7222857142857143
393,875,596,186,0.31885714285714284,0.6879194630872483,0.7874285714285714
394,297,235,152,0.2087542087542088,0.3531914893617021,0.4882154882154882
395,400,228,126,0.43000000000000005,0.4473684210526315,0.685
396,772,446,228,0.42227979274611394,0.4887892376681614,0.7046632124352332
397,400,170,76,0.575,0.5529411764705883,0.81
398,400,213,136,0.4675,0.3615023474178404,0.6599999999999999
399,772,427,157,0.4468911917098446,0.6323185011709602,0.7966321243523315
400,518,361,127,0.30308880308880304,0.6481994459833795,0.7548262548262548
401,890,596,177,0.3303370786516854,0.7030201342281879,0.801123595505618
402,518,336,122,0.3513513513513513,0.6369047619047619,0.7644787644787645
403,993,807,253,0.18731117824773413,0.6864931846344486,0.7452165156092648
404,415,354,136,0.1469879518072289,0.615819209039548,0.672289156626506
405,993,859,271,0.13494461228600196,0.6845168800931316,0.7270896273917422
406,993,794,200,0.2004028197381672,0.7481108312342569,0.798590130916415
407,415,351,165,0.1542168674698795,0.5299145299145299,0.6024096385542168
408,756,383,178,0.4933862433862434,0.5352480417754569,0.7645502645502645
409,653,357,151,0.4532924961715161,0.5770308123249299,0.768759571209801
410,756,456,189,0.39682539682539686,0.5855263157894737,0.75
411,756,587,254,0.2235449735449735,0.5672913117546848,0.664021164021164
412,653,489,214,0.2511485451761103,0.5623721881390593,0.672281776416539
413,281,226,144,0.19572953736654808,0.36283185840707965,0.4875444839857651
414,178,143,97,0.1966292134831461,0.32167832167832167,0.4550561797752809
415,281,225,147,0.19928825622775803,0.3466666666666667,0.47686832740213525
416,281,167,98,0.40569395017793597,0.4131736526946108,0.6512455516014235
417,178,131,95,0.2640449438202247,0.2748091603053435,0.4662921348314607
418,222,146,85,0.3423423423423423,0.4178082191780822,0.6171171171171171
419,475,245,123,0.4842105263157894,0.49795918367346936,0.7410526315789474
420,222,135,106,0.3918918918918919,0.2148148148148148,0.5225225225225225
421,222,134,109,0.39639639639639634,0.18656716417910446,0.509009009009009
422,475,237,153,0.5010526315789474,0.35443037974683544,0.6778947368421053
423,697,485,171,0.3041606886657102,0.647422680412371,0.7546628407460545
424,950,667,250,0.2978947368421052,0.6251874062968517,0.736842105263158
425,697,539,198,0.2266857962697274,0.6326530612244898,0.7159253945480631
426,697,476,204,0.31707317073170727,0.5714285714285714,0.7073170731707317
427,950,627,177,0.33999999999999997,0.7177033492822966,0.8136842105263158
428,934,584,163,0.37473233404710926,0.720890410958904,0.8254817987152034
429,237,186,126,0.21518987341772156,0.32258064516129037,0.4683544303797469
430,934,591,150,0.367237687366167,0.7461928934010152,0.8394004282655246
431,934,719,231,0.23019271948608133,0.678720445062587,0.7526766595289079
432,237,193,99,0.18565400843881852,0.4870466321243523,0.5822784810126582
433,459,358,185,0.2200435729847494,0.4832402234636871,0.5969498910675382
434,712,541,214,0.2401685393258427,0.6044362292051756,0.699438202247191
435,459,375,191,0.18300653594771243,0.4906666666666667,0.5838779956427016
436,459,273,131,0.40522875816993464,0.5201465201465201,0.7145969498910676
437,712,409,152,0.425561797752809,0.6283618581907091,0.7865168539325843
438,340,232,111,0.3176470588235294,0.521551724137931,0.6735294117647059
439,594,441,214,0.25757575757575757,0.5147392290249433,0.6397306397306397
440,340,247,141,0.2735294117647059,0.42914979757085026,0.5852941176470587
441,340,199,98,0.41470588235294115,0.507537688442211,0.711764705882353
442,594,347,194,0.4158249158249159,0.44092219020172907,0.6734006734006734
443,815,458,262,0.43803680981595094,0.4279475982532751,0.6785276073619633
444,119,83,70,0.3025210084033614,0.15662650602409633,0.4117647058823529
445,815,555,208,0.3190184049079755,0.6252252252252253,0.7447852760736196
446,119,97,72,0.18487394957983194,0.25773195876288657,0.39495798319327735
447,578,468,168,0.19031141868512114,0.641025641025641,0.7093425605536332
448,831,678,260,0.18411552346570392,0.6165191740412979,0.687123947051745
449,103,94,89,0.08737864077669899,0.05319148936170215,0.13592233009708743
450,356,247,131,0.3061797752808989,0.46963562753036436,0.6320224719101124
451,103,91,86,0.11650485436893199,0.05494505494505497,0.16504854368932043
452,103,84,78,0.18446601941747576,0.0714285714285714,0.24271844660194175
453,356,247,138,0.3061797752808989,0.4412955465587044,0.6123595505617978
454,88,54,44,0.38636363636363635,0.18518518518518523,0.5
455,193,133,112,0.31088082901554404,0.1578947368421053,0.4196891191709845
456,88,64,48,0.2727272727272727,0.25,0.4545454545454546
457,88,71,60,0.19318181818181823,0.15492957746478875,0.31818181818181823
458,193,124,68,0.3575129533678757,0.4516129032258065,0.6476683937823835
459,563,434,230,0.22912966252220246,0.4700460829493087,0.5914742451154529
460,668,486,210,0.27245508982035926,0.5679012345679013,0.6856287425149701
461,563,407,179,0.27708703374777977,0.5601965601965602,0.6820603907637656
462,563,442,208,0.2149200710479574,0.5294117647058824,0.630550621669627
463,668,497,142,0.25598802395209586,0.7142857142857143,0.7874251497005988
464,801,516,227,0.35580524344569286,0.560077519379845,0.7166042446941323
465,430,353,202,0.17906976744186043,0.42776203966005666,0.5302325581395348
466,326,255,121,0.21779141104294475,0.5254901960784314,0.6288343558282208
467,905,711,261,0.21436464088397789,0.6329113924050633,0.7116022099447514
468,326,269,131,0.17484662576687116,0.5130111524163569,0.598159509202454
469,326,146,103,0.5521472392638036,0.29452054794520544,0.6840490797546013
470,905,430,155,0.5248618784530387,0.6395348837209303,0.8287292817679558
471,444,332,107,0.25225225225225223,0.677710843373494,0.759009009009009
472,787,562,159,0.2858958068614994,0.7170818505338079,0.7979669631512071
473,444,351,161,0.20945945945945943,0.5413105413105412,0.6373873873873874
474,444,310,153,0.30180180180180183,0.5064516129032258,0.6554054054054055
475,787,512,189,0.349428208386277,0.630859375,0.7598475222363406
476,919,487,237,0.470076169749728,0.5133470225872689,0.7421109902067464
477,312,201,115,0.3557692307692307,0.427860696517413,0.6314102564102564
478,919,585,236,0.36343852013057676,0.5965811965811966,0.7431991294885745
479,919,734,241,0.2013057671381937,0.6716621253405994,0.7377584330794342
480,312,248,140,0.20512820512820518,0.4354838709677419,0.5512820512820513
481,682,593,169,0.13049853372434017,0.715008431703204,0.7521994134897361
482,549,489,203,0.10928961748633881,0.5848670756646217,0.6302367941712204
483,682,576,238,0.15542521994134895,0.5868055555555556,0.6510263929618768
484,682,500,195,0.2668621700879765,0.61,0.7140762463343109
485,549,377,140,0.31329690346083794,0.6286472148541113,0.7449908925318761
486,207,163,113,0.2125603864734299,0.3067484662576687,0.45410628019323673
487,74,73,71,0.013513513513513487,0.0273972602739726,0.04054054054054057
488,207,156,77,0.24637681159420288,0.5064102564102564,0.6280193236714976
489,207,136,97,0.3429951690821256,0.2867647058823529,0.5314009661835748
490,74,59,53,0.20270270270270274,0.10169491525423724,0.28378378378378377
491,266,226,127,0.15037593984962405,0.43805309734513276,0.5225563909774436
492,371,306,133,0.17520215633423175,0.565359477124183,0.6415094339622642
493,266,240,156,0.09774436090225569,0.35,0.4135338345864662
494,266,128,66,0.518796992481203,0.484375,0.7518796992481203
495,371,170,98,0.5417789757412399,0.42352941176470593,0.7358490566037736
496,741,497,265,0.3292847503373819,0.4668008048289738,0.6423751686909582
497,846,555,184,0.34397163120567376,0.6684684684684685,0.7825059101654847
498,741,424,105,0.4278002699055331,0.7523584905660378,0.8582995951417004
